5827270
5827269
5827268
5827267
5827266
5827265
5827264
5827263
5827262
5827261
5827260
5827259
5827257
5827256
5827255
5827253
5827251
5827250
5827249
5827248
5827247
5827246
5827244
5827243
5827242
5827241
5827240
5827239
5827238
5827237
5827236
5827235
5827234
5827233
5827232
5827231
5827230
5827227
5827226
5827225
5827224
5827223
5827222
5827221
5827220
5827218
5827217
5827216
5827215
5827213
5827212
5827211
5827210
5827208
5827207
5827206
5827205
5827204
5827202
5827200
5827199
5827198
5827197
5827196
5827195
5827194
5827192
5827191
5827190
5827189
5827188
5827187
5827186
5827185
5827184
5827183
5827182
5827181
5827180
5827179
5827178
5827177
5827176
5827175
5827174
5827173
5827172
5827171
5827170
5827169
5827168
5827167
5827166
5827165
5827164
5827163
5827162
5827161
5827159
5827158
5827157
5827155
5827154
5827153
5827152
5827151
5827150
5827149
5827148
5827147
5827146
5827145
5827144
5827143
5827142
5827141
5827140
5827138
5827137
5827136
5827135
5827134
5827133
5827132
5827131
5827130
5827129
5827128
5827127
5827126
5827125
5827124
5827123
5827122
5827121
5827120
5827119
5827118
5827117
5827116
5827115
5827114
5827113
5827112
5827111
5827110
5827109
5827108
5827107
5827106
5827105
5827104
5827103
5827102
5827101
5827100
5827099
5827098
5827097
5827096
5827095
5827094
5827093
5827092
5827091
5827090
5827089
5827088
5827087
5827086
5827085
5827084
5827083
5827082
5827081
5827078
5827077
5827076
5827075
5827074
5827072
5827071
5827070
5827069
5827067
5827066
5827065
5827064
5827063
5827062
5827061
5827060
5827059
5827058
5827057
5827055
5827053
5827051
5827050
5827049
5827048
5827047
5827046
5827045
5827044
5827043
5827042
5827041
5827040
5827039
5827038
5827037
5827036
5827035
5827034
5827033
5827032
5827031
5827030
5827029
5827028
5827027
5827026
5827025
5827024
5827023
5827022
5827021
5827020
5827019
5827018
5827017
5827016
5827015
5827014
5827013
5827011
5827010
5827009
5827008
5827007
5827006
5827005
5827004
5827003
5827002
5827001
5827000
5826999
5826998
5826997
5826996
5826995
5826994
5826993
5826992
5826991
5826990
5826989
5826988
5826987
5826986
5826985
5826983
5826982
5826981
5826980
5826979
5826978
5826977
5826976
5826975
5826974
5826973
5826972
5826971
5826970
5826969
5826968
5826967
5826966
5826965
5826964
5826963
5826962
5826961
5826960
5826959
5826958
5826957
5826956
5826955
5826954
5826953
5826952
5826951
5826950
5826949
5826948
5826947
5826946
5826945
5826944
5826943
5826942
5826941
5826940
5826939
5826938
5826937
5826936
5826934
5826933
5826932
5826931
5826930
5826929
5826928
5826927
5826926
5826925
5826924
5826923
5826921
5826920
5826919
5826918
5826917
5826916
5826915
5826914
5826913
5826912
5826911
5826910
5826909
5826907
5826906
5826905
5826904
5826903
5826902
5826901
5826900
5826899
5826898
5826897
5826896
5826895
5826894
5826893
5826892
5826891
5826890
5826889
5826888
5826886
5826885
5826884
5826883
5826882
5826881
5826880
5826878
5826877
5826876
5826874
5826873
5826872
5826871
5826870
5826869
5826868
5826867
5826866
5826865
5826864
5826863
5826862
5826861
5826860
5826859
5826858
5826857
5826856
5826855
5826854
5826853
5826852
5826851
5826850
5826849
5826848
5826847
5826846
5826845
5826844
5826843
5826842
5826841
5826840
5826838
5826837
5826836
5826835
5826834
5826833
5826832
5826831
5826830
5826829
5826828
5826827
5826826
5826825
5826824
5826823
5826822
5826821
5826820
5826819
5826818
5826817
5826816
5826815
5826813
5826812
5826811
5826809
5826808
5826807
5826806
5826805
5826804
5826803
5826802
5826801
5826800
5826799
5826797
5826795
5826794
5826793
5826792
5826791
5826790
5826789
5826788
5826787
5826786
5826785
5826784
5826782
5826781
5826780
5826779
5826778
5826777
5826775
5826774
5826773
5826772
5826771
5826770
5826769
5826768
5826767
5826766
5826765
5826764
5826763
5826762
5826761
5826760
5826758
5826757
5826756
5826755
5826754
5826753
5826752
5826751
5826750
5826749
5826748
5826747
5826746
5826745
5826744
5826743
5826742
5826741
5826740
5826739
5826738
5826737
5826736
5826735
5826734
5826733
5826732
5826731
5826730
5826729
5826728
5826727
5826726
5826725
5826722
5826721
5826720
5826719
5826717
5826716
5826715
5826714
5826713
5826712
5826711
5826709
5826708
5826707
5826706
5826705
5826704
5826703
5826702
5826701
5826700
5826699
5826698
5826697
5826696
5826695
5826694
5826693
5826692
5826691
5826690
5826689
5826688
5826687
5826686
5826685
5826684
5826683
5826682
5826680
5826679
5826678
5826677
5826676
5826675
5826674
5826673
5826672
5826671
5826670
5826669
5826668
5826667
5826666
5826665
5826664
5826663
5826662
5826661
5826660
5826659
5826658
5826657
5826656
5826655
5826654
5826653
5826652
5826651
5826650
5826649
5826648
5826647
5826646
5826645
5826644
5826642
5826641
5826640
5826638
5826637
5826635
5826634
5826633
5826632
5826631
5826630
5826629
5826628
5826627
5826626
5826625
5826624
5826623
5826622
5826621
5826620
5826619
5826618
5826617
5826616
5826615
5826614
5826613
5826612
5826611
5826610
5826609
5826608
5826607
5826606
5826605
5826604
5826603
5826602
5826601
5826600
5826599
5826598
5826597
5826596
5826595
5826594
5826593
5826592
5826591
5826590
5826589
5826588
5826587
5826586
5826585
5826584
5826583
5826582
5826581
5826580
5826579
5826578
5826577
5826576
5826575
5826574
5826573
5826572
5826571
5826570
5826569
5826568
5826567
5826566
5826565
5826564
5826563
5826562
5826561
5826560
5826559
5826558
5826557
5826556
5826555
5826554
5826553
5826552
5826551
5826550
5826549
5826548
5826547
5826545
5826544
5826543
5826542
5826541
5826540
5826539
5826538
5826537
5826536
5826535
5826534
5826533
5826532
5826531
5826530
5826529
5826528
5826527
5826526
5826525
5826524
5826523
5826522
5826521
5826520
5826519
5826518
5826517
5826516
5826515
5826514
5826513
5826512
5826511
5826510
5826509
5826508
5826507
5826506
5826505
5826504
5826503
5826502
5826501
5826500
5826499
5826498
5826497
5826496
5826494
5826493
5826492
5826491
5826490
5826489
5826488
5826487
5826486
